1506616100.860 100
1506616101.860 101
1506616102.860 102
1506616103.860 103
1506616104.860 104
1506616105.860 105
1506616106.860 106
1506616107.860 107
1506616108.860 108
1506616109.860 109
1506616110.860 110
1506616111.860 111
1506616112.860 112
1506616113.860 113
1506616114.860 114
1506616115.860 115
1506616116.860 116
1506616117.860 117
1506616118.860 118
1506616119.860 119
1506616120.860 120
1506616121.860 121
1506616122.860 122
1506616123.860 123
1506616124.860 124
1506616125.860 125
1506616126.860 126
1506616127.860 127
1506616128.860 128
1506616129.860 129
1506616130.860 130
1506616131.860 131
1506616132.860 132
1506616133.860 133
1506616134.860 134
1506616135.860 135
1506616136.860 136
1506616137.860 137
1506616138.860 138
1506616139.860 139
1506616140.860 140
1506616141.860 141
1506616142.860 142
1506616143.860 143
1506616144.860 144
1506616145.860 145
1506616146.860 146
1506616147.860 147
1506616148.860 148
1506616149.860 149
1506616150.860 150
1506616151.860 151
1506616152.860 152
1506616153.860 153
1506616154.860 154
1506616155.860 155
1506616156.860 156
1506616157.860 157
1506616158.860 158
1506616159.860 159
1506616160.860 160
1506616161.860 161
1506616162.860 162
1506616163.860 163
1506616164.860 164
1506616165.860 165
1506616166.860 166
1506616167.860 167
1506616168.860 168
1506616169.860 169
1506616170.860 170
1506616171.860 171
1506616172.860 172
1506616173.860 173
1506616174.860 174
1506616175.860 175
1506616176.860 176
1506616177.860 177
1506616178.860 178
1506616179.860 179
1506616180.860 180
1506616181.860 181
1506616182.860 182
1506616183.860 183
1506616184.860 184
1506616185.860 185
1506616186.860 186
1506616187.860 187
1506616188.860 188
1506616189.860 189
1506616190.860 190
1506616191.860 191
1506616192.860 192
1506616193.860 193
1506616194.860 194
1506616195.860 195
1506616196.860 196
1506616197.860 197
1506616198.860 198
1506616199.860 199
1506616200.860 200
1506616201.860 201
1506616202.860 202
1506616203.860 203
1506616204.860 204
1506616205.860 205
1506616206.860 206
1506616207.860 207
1506616208.860 208
1506616209.860 209
1506616210.860 210
1506616211.860 211
1506616212.860 212
1506616213.860 213
1506616214.860 214
1506616215.860 215
1506616216.860 216
1506616217.860 217
1506616218.860 218
1506616219.860 219
1506616220.860 220
1506616221.860 221
1506616222.860 222
1506616223.860 223
1506616224.860 224
1506616225.860 225
1506616226.860 226
1506616227.860 227
1506616228.860 228
1506616229.860 229
1506616230.860 230
1506616231.860 231
1506616232.860 232
1506616233.860 233
1506616234.860 234
1506616235.860 235
1506616236.860 236
1506616237.860 237
1506616238.860 238
1506616239.860 239
1506616240.860 240
1506616241.860 241
1506616242.860 242
1506616243.860 243
1506616244.860 244
1506616245.860 245
1506616246.860 246
1506616247.860 247
1506616248.860 248
1506616249.860 249
1506616250.860 250
1506616251.860 251
1506616252.860 252
1506616253.860 253
1506616254.860 254
1506616255.860 255
1506616256.860 256
1506616257.860 257
1506616258.860 258
1506616259.860 259
1506616260.860 260
1506616261.860 261
1506616262.860 262
1506616263.860 263
1506616264.860 264
1506616265.860 265
1506616266.860 266
1506616267.860 267
1506616268.860 268
1506616269.860 269
1506616270.860 270
1506616271.860 271
1506616272.860 272
1506616273.860 273
1506616274.860 274
1506616275.860 275
1506616276.860 276
1506616277.860 277
1506616278.860 278
1506616279.860 279
1506616280.860 280
1506616281.860 281
1506616282.860 282
1506616283.860 283
1506616284.860 284
1506616285.860 285
1506616286.860 286
1506616287.860 287
1506616288.860 288
1506616289.860 289
1506616290.860 290
1506616291.860 291
1506616292.860 292
1506616293.860 293
1506616294.860 294
1506616295.860 295
1506616296.860 296
1506616297.860 297
1506616298.860 298
1506616299.860 299
1506616300.860 300
1506616301.860 301
1506616302.860 302
1506616303.860 303
1506616304.860 304
1506616305.860 305
1506616306.860 306
1506616307.860 307
1506616308.860 308
1506616309.860 309
1506616310.860 310
1506616311.860 311
1506616312.860 312
1506616313.860 313
1506616314.860 314
1506616315.860 315
1506616316.860 316
1506616317.860 317
1506616318.860 318
1506616319.860 319
1506616320.860 320
1506616321.860 321
1506616322.860 322
1506616323.860 323
1506616324.860 324
1506616325.860 325
1506616326.860 326
1506616327.860 327
1506616328.860 328
1506616329.860 329
1506616330.860 330
1506616331.860 331
1506616332.860 332
1506616333.860 333
1506616334.860 334
1506616335.860 335
1506616336.860 336
1506616337.860 337
1506616338.860 338
1506616339.860 339
1506616340.860 340
1506616341.860 341
1506616342.860 342
1506616343.860 343
1506616344.860 344
1506616345.860 345
1506616346.860 346
1506616347.860 347
1506616348.860 348
1506616349.860 349
1506616350.860 350
1506616351.860 351
1506616352.860 352
1506616353.860 353
1506616354.860 354
1506616355.860 355
1506616356.860 356
1506616357.860 357
1506616358.860 358
1506616359.860 359
1506616360.860 360
1506616361.860 361
1506616362.860 362
1506616363.860 363
1506616364.860 364
1506616365.860 365
1506616366.860 366
1506616367.860 367
1506616368.860 368
1506616369.860 369
1506616370.860 370
1506616371.860 371
1506616372.860 372
1506616373.860 373
1506616374.860 374
1506616375.860 375
1506616376.860 376
1506616377.860 377
1506616378.860 378
1506616379.860 379
1506616380.860 380
1506616381.860 381
1506616382.860 382
1506616383.860 383
1506616384.860 384
1506616385.860 385
1506616386.860 386
1506616387.860 387
1506616388.860 388
1506616389.860 389
1506616390.860 390
1506616391.860 391
1506616392.860 392
1506616393.860 393
1506616394.860 394
1506616395.860 395
1506616396.860 396
1506616397.860 397
1506616398.860 398
1506616399.860 399
1506616400.860 400
1506616401.860 401
1506616402.860 402
1506616403.860 403
1506616404.860 404
1506616405.860 405
1506616406.860 406
1506616407.860 407
1506616408.860 408
1506616409.860 409
1506616410.860 410
1506616411.860 411
1506616412.860 412
1506616413.860 413
1506616414.860 414
1506616415.860 415
1506616416.860 416
1506616417.860 417
1506616418.860 418
1506616419.860 419
1506616420.860 420
1506616421.860 421
1506616422.860 422
1506616423.860 423
1506616424.860 424
1506616425.860 425
1506616426.860 426
1506616427.860 427
1506616428.860 428
1506616429.860 429
1506616430.860 430
1506616431.860 431
1506616432.860 432
1506616433.860 433
1506616434.860 434
1506616435.860 435
1506616436.860 436
1506616437.860 437
1506616438.860 438
1506616439.860 439
1506616440.860 440
1506616441.860 441
1506616442.860 442
1506616443.860 443
1506616444.860 444
1506616445.860 445
1506616446.860 446
1506616447.860 447
1506616448.860 448
1506616449.860 449
1506616450.860 450
1506616451.860 451
1506616452.860 452
1506616453.860 453
1506616454.860 454
1506616455.860 455
1506616456.860 456
1506616457.860 457
1506616458.860 458
1506616459.860 459
1506616460.860 460
1506616461.860 461
1506616462.860 462
1506616463.860 463
1506616464.860 464
1506616465.860 465
1506616466.860 466
1506616467.860 467
1506616468.860 468
1506616469.860 469
1506616470.860 470
1506616471.860 471
1506616472.860 472
1506616473.860 473
1506616474.860 474
1506616475.860 475
1506616476.860 476
1506616477.860 477
1506616478.860 478
1506616479.860 479
1506616480.860 480
1506616481.860 481
1506616482.860 482
1506616483.860 483
1506616484.860 484
1506616485.860 485
1506616486.860 486
1506616487.860 487
1506616488.860 488
1506616489.860 489
1506616490.860 490
1506616491.860 491
1506616492.860 492
1506616493.860 493
1506616494.860 494
1506616495.860 495
1506616496.860 496
1506616497.860 497
1506616498.860 498
1506616499.860 499
1506616500.860 500
1506616501.860 501
1506616502.860 502
1506616503.860 503
1506616504.860 504
1506616505.860 505
1506616506.860 506
1506616507.860 507
1506616508.860 508
1506616509.860 509
1506616510.860 510
1506616511.860 511
1506616512.860 512
1506616513.860 513
1506616514.860 514
1506616515.860 515
1506616516.860 516
1506616517.860 517
1506616518.860 518
1506616519.860 519
1506616520.860 520
1506616521.860 521
1506616522.860 522
1506616523.860 523
1506616524.860 524
1506616525.860 525
1506616526.860 526
1506616527.860 527
1506616528.860 528
1506616529.860 529
1506616530.860 530
1506616531.860 531
1506616532.860 532
1506616533.860 533
1506616534.860 534
1506616535.860 535
1506616536.860 536
1506616537.860 537
1506616538.860 538
1506616539.860 539
1506616540.860 540
1506616541.860 541
1506616542.860 542
1506616543.860 543
1506616544.860 544
1506616545.860 545
1506616546.860 546
1506616547.860 547
1506616548.860 548
1506616549.860 549
1506616550.860 550
1506616551.860 551
1506616552.860 552
1506616553.860 553
1506616554.860 554
1506616555.860 555
1506616556.860 556
1506616557.860 557
1506616558.860 558
1506616559.860 559
1506616560.860 560
1506616561.860 561
1506616562.860 562
1506616563.860 563
1506616564.860 564
1506616565.860 565
1506616566.860 566
1506616567.860 567
1506616568.860 568
1506616569.860 569
1506616570.860 570
1506616571.860 571
1506616572.860 572
1506616573.860 573
1506616574.860 574
1506616575.860 575
1506616576.860 576
1506616577.860 577
1506616578.860 578
1506616579.860 579
1506616580.860 580
1506616581.860 581
1506616582.860 582
1506616583.860 583
1506616584.860 584
1506616585.860 585
1506616586.860 586
1506616587.860 587
1506616588.860 588
1506616589.860 589
1506616590.860 590
1506616591.860 591
1506616592.860 592
1506616593.860 593
1506616594.860 594
1506616595.860 595
1506616596.860 596
1506616597.860 597
1506616598.860 598
1506616599.860 599
1506616600.860 600
1506616601.860 601
1506616602.860 602
1506616603.860 603
1506616604.860 604
1506616605.860 605
1506616606.860 606
1506616607.860 607
1506616608.860 608
1506616609.860 609
1506616610.860 610
1506616611.860 611
1506616612.860 612
1506616613.860 613
1506616614.860 614
1506616615.860 615
1506616616.860 616
1506616617.860 617
1506616618.860 618
1506616619.860 619
1506616620.860 620
1506616621.860 621
1506616622.860 622
1506616623.860 623
1506616624.860 624
1506616625.860 625
1506616626.860 626
1506616627.860 627
1506616628.860 628
1506616629.860 629
1506616630.860 630
1506616631.860 631
1506616632.860 632
1506616633.860 633
1506616634.860 634
1506616635.860 635
1506616636.860 636
1506616637.860 637
1506616638.860 638
1506616639.860 639
1506616640.860 640
1506616641.860 641
1506616642.860 642
1506616643.860 643
1506616644.860 644
1506616645.860 645
1506616646.860 646
1506616647.860 647
1506616648.860 648
1506616649.860 649
1506616650.860 650
1506616651.860 651
1506616652.860 652
1506616653.860 653
1506616654.860 654
1506616655.860 655
1506616656.860 656
1506616657.860 657
1506616658.860 658
1506616659.860 659
1506616660.860 660
1506616661.860 661
1506616662.860 662
1506616663.860 663
1506616664.860 664
1506616665.860 665
1506616666.860 666
1506616667.860 667
1506616668.860 668
1506616669.860 669
1506616670.860 670
1506616671.860 671
1506616672.860 672
1506616673.860 673
1506616674.860 674
1506616675.860 675
1506616676.860 676
1506616677.860 677
1506616678.860 678
1506616679.860 679
1506616680.860 680
1506616681.860 681
1506616682.860 682
1506616683.860 683
1506616684.860 684
1506616685.860 685
1506616686.860 686
1506616687.860 687
1506616688.860 688
1506616689.860 689
1506616690.860 690
1506616691.860 691
1506616692.860 692
1506616693.860 693
1506616694.860 694
1506616695.860 695
1506616696.860 696
1506616697.860 697
1506616698.860 698
1506616699.860 699
1506616700.860 700
1506616701.860 701
1506616702.860 702
1506616703.860 703
1506616704.860 704
1506616705.860 705
1506616706.860 706
1506616707.860 707
1506616708.860 708
1506616709.860 709
1506616710.860 710
1506616711.860 711
1506616712.860 712
1506616713.860 713
1506616714.860 714
1506616715.860 715
1506616716.860 716
1506616717.860 717
1506616718.860 718
1506616719.860 719
1506616720.860 720
1506616721.860 721
1506616722.860 722
1506616723.860 723
1506616724.860 724
1506616725.860 725
1506616726.860 726
1506616727.860 727
1506616728.860 728
1506616729.860 729
1506616730.860 730
1506616731.860 731
1506616732.860 732
1506616733.860 733
1506616734.860 734
1506616735.860 735
1506616736.860 736
1506616737.860 737
1506616738.860 738
1506616739.860 739
1506616740.860 740
1506616741.860 741
1506616742.860 742
1506616743.860 743
1506616744.860 744
1506616745.860 745
1506616746.860 746
1506616747.860 747
1506616748.860 748
1506616749.860 749
1506616750.860 750
1506616751.860 751
1506616752.860 752
1506616753.860 753
1506616754.860 754
1506616755.860 755
1506616756.860 756
1506616757.860 757
1506616758.860 758
1506616759.860 759
1506616760.860 760
1506616761.860 761
1506616762.860 762
1506616763.860 763
1506616764.860 764
1506616765.860 765
1506616766.860 766
1506616767.860 767
1506616768.860 768
1506616769.860 769
1506616770.860 770
1506616771.860 771
1506616772.860 772
1506616773.860 773
1506616774.860 774
1506616775.860 775
1506616776.860 776
1506616777.860 777
1506616778.860 778
1506616779.860 779
1506616780.860 780
1506616781.860 781
1506616782.860 782
1506616783.860 783
1506616784.860 784
1506616785.860 785
1506616786.860 786
1506616787.860 787
1506616788.860 788
1506616789.860 789
1506616790.860 790
1506616791.860 791
1506616792.860 792
1506616793.860 793
1506616794.860 794
1506616795.860 795
1506616796.860 796
1506616797.860 797
1506616798.860 798
1506616799.860 799
1506616800.860 800
1506616801.860 801
1506616802.860 802
1506616803.860 803
1506616804.860 804
1506616805.860 805
1506616806.860 806
1506616807.860 807
1506616808.860 808
1506616809.860 809
1506616810.860 810
1506616811.860 811
1506616812.860 812
1506616813.860 813
1506616814.860 814
1506616815.860 815
1506616816.860 816
1506616817.860 817
1506616818.860 818
1506616819.860 819
1506616820.860 820
1506616821.860 821
1506616822.860 822
1506616823.860 823
1506616824.860 824
1506616825.860 825
1506616826.860 826
1506616827.860 827
1506616828.860 828
1506616829.860 829
1506616830.860 830
1506616831.860 831
1506616832.860 832
1506616833.860 833
1506616834.860 834
1506616835.860 835
1506616836.860 836
1506616837.860 837
1506616838.860 838
1506616839.860 839
1506616840.860 840
1506616841.860 841
1506616842.860 842
1506616843.860 843
1506616844.860 844
1506616845.860 845
1506616846.860 846
1506616847.860 847
1506616848.860 848
1506616849.860 849
1506616850.860 850
1506616851.860 851
1506616852.860 852
1506616853.860 853
1506616854.860 854
1506616855.860 855
1506616856.860 856
1506616857.860 857
1506616858.860 858
1506616859.860 859
1506616860.860 860
1506616861.860 861
1506616862.860 862
1506616863.860 863
1506616864.860 864
1506616865.860 865
1506616866.860 866
1506616867.860 867
1506616868.860 868
1506616869.860 869
1506616870.860 870
1506616871.860 871
1506616872.860 872
1506616873.860 873
1506616874.860 874
1506616875.860 875
1506616876.860 876
1506616877.860 877
1506616878.860 878
1506616879.860 879
1506616880.860 880
1506616881.860 881
1506616882.860 882
1506616883.860 883
1506616884.860 884
1506616885.860 885
1506616886.860 886
1506616887.860 887
1506616888.860 888
1506616889.860 889
1506616890.860 890
1506616891.860 891
1506616892.860 892
1506616893.860 893
1506616894.860 894
1506616895.860 895
1506616896.860 896
1506616897.860 897
1506616898.860 898
1506616899.860 899
1506616900.860 900
1506616901.860 901
1506616902.860 902
1506616903.860 903
1506616904.860 904
1506616905.860 905
1506616906.860 906
1506616907.860 907
1506616908.860 908
1506616909.860 909
1506616910.860 910
1506616911.860 911
1506616912.860 912
1506616913.860 913
1506616914.860 914
1506616915.860 915
1506616916.860 916
1506616917.860 917
1506616918.860 918
1506616919.860 919
1506616920.860 920
1506616921.860 921
1506616922.860 922
1506616923.860 923
1506616924.860 924
1506616925.860 925
1506616926.860 926
1506616927.860 927
1506616928.860 928
1506616929.860 929
1506616930.860 930
1506616931.860 931
1506616932.860 932
1506616933.860 933
1506616934.860 934
1506616935.860 935
1506616936.860 936
1506616937.860 937
1506616938.860 938
1506616939.860 939
1506616940.860 940
1506616941.860 941
1506616942.860 942
1506616943.860 943
1506616944.860 944
1506616945.860 945
1506616946.860 946
1506616947.860 947
1506616948.860 948
1506616949.860 949
1506616950.860 950
1506616951.860 951
1506616952.860 952
1506616953.860 953
1506616954.860 954
1506616955.860 955
1506616956.860 956
1506616957.860 957
1506616958.860 958
1506616959.860 959
1506616960.860 960
1506616961.860 961
1506616962.860 962
1506616963.860 963
1506616964.860 964
1506616965.860 965
1506616966.860 966
1506616967.860 967
1506616968.860 968
1506616969.860 969
1506616970.860 970
1506616971.860 971
1506616972.860 972
1506616973.860 973
1506616974.860 974
1506616975.860 975
1506616976.860 976
1506616977.860 977
1506616978.860 978
1506616979.860 979
1506616980.860 980
1506616981.860 981
1506616982.860 982
1506616983.860 983
1506616984.860 984
1506616985.860 985
1506616986.860 986
1506616987.860 987
1506616988.860 988
1506616989.860 989
1506616990.860 990
1506616991.860 991
1506616992.860 992
1506616993.860 993
1506616994.860 994
1506616995.860 995
1506616996.860 996
1506616997.860 997
1506616998.860 998
1506616999.860 999
1506617100.860 100
1506617101.860 101
1506617102.860 102
1506617103.860 103
1506617104.860 104
1506617105.860 105
1506617106.860 106
1506617107.860 107
1506617108.860 108
1506617109.860 109
1506617110.860 110
1506617111.860 111
1506617112.860 112
1506617113.860 113
1506617114.860 114
1506617115.860 115
1506617116.860 116
1506617117.860 117
1506617118.860 118
1506617119.860 119
1506617120.860 120
1506617121.860 121
1506617122.860 122
1506617123.860 123
1506617124.860 124
1506617125.860 125
1506617126.860 126
1506617127.860 127
1506617128.860 128
1506617129.860 129
1506617130.860 130
1506617131.860 131
1506617132.860 132
1506617133.860 133
1506617134.860 134
1506617135.860 135
1506617136.860 136
1506617137.860 137
1506617138.860 138
1506617139.860 139
1506617140.860 140
1506617141.860 141
1506617142.860 142
1506617143.860 143
1506617144.860 144
1506617145.860 145
1506617146.860 146
1506617147.860 147
1506617148.860 148
1506617149.860 149
1506617150.860 150
1506617151.860 151
1506617152.860 152
1506617153.860 153
1506617154.860 154
1506617155.860 155
1506617156.860 156
1506617157.860 157
1506617158.860 158
1506617159.860 159
1506617160.860 160
1506617161.860 161
1506617162.860 162
1506617163.860 163
1506617164.860 164
1506617165.860 165
1506617166.860 166
1506617167.860 167
1506617168.860 168
1506617169.860 169
1506617170.860 170
1506617171.860 171
1506617172.860 172
1506617173.860 173
1506617174.860 174
1506617175.860 175
1506617176.860 176
1506617177.860 177
1506617178.860 178
1506617179.860 179
1506617180.860 180
1506617181.860 181
1506617182.860 182
1506617183.860 183
1506617184.860 184
1506617185.860 185
1506617186.860 186
1506617187.860 187
1506617188.860 188
1506617189.860 189
1506617190.860 190
1506617191.860 191
1506617192.860 192
1506617193.860 193
1506617194.860 194
1506617195.860 195
1506617196.860 196
1506617197.860 197
1506617198.860 198
1506617199.860 199
1506617200.860 200
1506617201.860 201
1506617202.860 202
1506617203.860 203
1506617204.860 204
1506617205.860 205
1506617206.860 206
1506617207.860 207
1506617208.860 208
1506617209.860 209
1506617210.860 210
1506617211.860 211
1506617212.860 212
1506617213.860 213
1506617214.860 214
1506617215.860 215
1506617216.860 216
1506617217.860 217
1506617218.860 218
1506617219.860 219
1506617220.860 220
1506617221.860 221
1506617222.860 222
1506617223.860 223
1506617224.860 224
1506617225.860 225
1506617226.860 226
1506617227.860 227
1506617228.860 228
1506617229.860 229
1506617230.860 230
1506617231.860 231
1506617232.860 232
1506617233.860 233
1506617234.860 234
1506617235.860 235
1506617236.860 236
1506617237.860 237
1506617238.860 238
1506617239.860 239
1506617240.860 240
1506617241.860 241
1506617242.860 242
1506617243.860 243
1506617244.860 244
1506617245.860 245
1506617246.860 246
1506617247.860 247
1506617248.860 248
1506617249.860 249
1506617250.860 250
1506617251.860 251
1506617252.860 252
1506617253.860 253
1506617254.860 254
1506617255.860 255
1506617256.860 256
1506617257.860 257
1506617258.860 258
1506617259.860 259
1506617260.860 260
1506617261.860 261
1506617262.860 262
1506617263.860 263
1506617264.860 264
1506617265.860 265
1506617266.860 266
1506617267.860 267
1506617268.860 268
1506617269.860 269
1506617270.860 270
1506617271.860 271
1506617272.860 272
1506617273.860 273
1506617274.860 274
1506617275.860 275
1506617276.860 276
1506617277.860 277
1506617278.860 278
1506617279.860 279
1506617280.860 280
1506617281.860 281
1506617282.860 282
1506617283.860 283
1506617284.860 284
1506617285.860 285
1506617286.860 286
1506617287.860 287
1506617288.860 288
1506617289.860 289
1506617290.860 290
1506617291.860 291
1506617292.860 292
1506617293.860 293
1506617294.860 294
1506617295.860 295
1506617296.860 296
1506617297.860 297
1506617298.860 298
1506617299.860 299
1506617300.860 300
1506617301.860 301
1506617302.860 302
1506617303.860 303
1506617304.860 304
1506617305.860 305
1506617306.860 306
1506617307.860 307
1506617308.860 308
1506617309.860 309
1506617310.860 310
1506617311.860 311
1506617312.860 312
1506617313.860 313
1506617314.860 314
1506617315.860 315
1506617316.860 316
1506617317.860 317
1506617318.860 318
1506617319.860 319
1506617320.860 320
1506617321.860 321
1506617322.860 322
1506617323.860 323
1506617324.860 324
1506617325.860 325
1506617326.860 326
1506617327.860 327
1506617328.860 328
1506617329.860 329
1506617330.860 330
1506617331.860 331
1506617332.860 332
1506617333.860 333
1506617334.860 334
1506617335.860 335
1506617336.860 336
1506617337.860 337
1506617338.860 338
1506617339.860 339
1506617340.860 340
1506617341.860 341
1506617342.860 342
1506617343.860 343
1506617344.860 344
1506617345.860 345
1506617346.860 346
1506617347.860 347
1506617348.860 348
1506617349.860 349
1506617350.860 350
1506617351.860 351
1506617352.860 352
1506617353.860 353
1506617354.860 354
1506617355.860 355
1506617356.860 356
1506617357.860 357
1506617358.860 358
1506617359.860 359
1506617360.860 360
1506617361.860 361
1506617362.860 362
1506617363.860 363
1506617364.860 364
1506617365.860 365
1506617366.860 366
1506617367.860 367
1506617368.860 368
1506617369.860 369
1506617370.860 370
1506617371.860 371
1506617372.860 372
1506617373.860 373
1506617374.860 374
1506617375.860 375
1506617376.860 376
1506617377.860 377
1506617378.860 378
1506617379.860 379
1506617380.860 380
1506617381.860 381
1506617382.860 382
1506617383.860 383
1506617384.860 384
1506617385.860 385
1506617386.860 386
1506617387.860 387
1506617388.860 388
1506617389.860 389
1506617390.860 390
1506617391.860 391
1506617392.860 392
1506617393.860 393
1506617394.860 394
1506617395.860 395
1506617396.860 396
1506617397.860 397
1506617398.860 398
1506617399.860 399
1506617400.860 400
1506617401.860 401
1506617402.860 402
1506617403.860 403
1506617404.860 404
1506617405.860 405
1506617406.860 406
1506617407.860 407
1506617408.860 408
1506617409.860 409
1506617410.860 410
1506617411.860 411
1506617412.860 412
1506617413.860 413
1506617414.860 414
1506617415.860 415
1506617416.860 416
1506617417.860 417
1506617418.860 418
1506617419.860 419
1506617420.860 420
1506617421.860 421
1506617422.860 422
1506617423.860 423
1506617424.860 424
1506617425.860 425
1506617426.860 426
1506617427.860 427
1506617428.860 428
1506617429.860 429
1506617430.860 430
1506617431.860 431
1506617432.860 432
1506617433.860 433
1506617434.860 434
1506617435.860 435
1506617436.860 436
1506617437.860 437
1506617438.860 438
1506617439.860 439
1506617440.860 440
1506617441.860 441
1506617442.860 442
1506617443.860 443
1506617444.860 444
1506617445.860 445
1506617446.860 446
1506617447.860 447
1506617448.860 448
1506617449.860 449
1506617450.860 450
1506617451.860 451
1506617452.860 452
1506617453.860 453
1506617454.860 454
1506617455.860 455
1506617456.860 456
1506617457.860 457
1506617458.860 458
1506617459.860 459
1506617460.860 460
1506617461.860 461
1506617462.860 462
1506617463.860 463
1506617464.860 464
1506617465.860 465
1506617466.860 466
1506617467.860 467
1506617468.860 468
1506617469.860 469
1506617470.860 470
1506617471.860 471
1506617472.860 472
1506617473.860 473
1506617474.860 474
1506617475.860 475
1506617476.860 476
1506617477.860 477
1506617478.860 478
1506617479.860 479
1506617480.860 480
1506617481.860 481
1506617482.860 482
1506617483.860 483
1506617484.860 484
1506617485.860 485
1506617486.860 486
1506617487.860 487
1506617488.860 488
1506617489.860 489
1506617490.860 490
1506617491.860 491
1506617492.860 492
1506617493.860 493
1506617494.860 494
1506617495.860 495
1506617496.860 496
1506617497.860 497
1506617498.860 498
1506617499.860 499
1506617500.860 500
1506617501.860 501
1506617502.860 502
1506617503.860 503
1506617504.860 504
1506617505.860 505
1506617506.860 506
1506617507.860 507
1506617508.860 508
1506617509.860 509
1506617510.860 510
1506617511.860 511
1506617512.860 512
1506617513.860 513
1506617514.860 514
1506617515.860 515
1506617516.860 516
1506617517.860 517
1506617518.860 518
1506617519.860 519
1506617520.860 520
1506617521.860 521
1506617522.860 522
1506617523.860 523
1506617524.860 524
1506617525.860 525
1506617526.860 526
1506617527.860 527
1506617528.860 528
1506617529.860 529
1506617530.860 530
1506617531.860 531
1506617532.860 532
1506617533.860 533
1506617534.860 534
1506617535.860 535
1506617536.860 536
1506617537.860 537
1506617538.860 538
1506617539.860 539
1506617540.860 540
1506617541.860 541
1506617542.860 542
1506617543.860 543
1506617544.860 544
1506617545.860 545
1506617546.860 546
1506617547.860 547
1506617548.860 548
1506617549.860 549
1506617550.860 550
1506617551.860 551
1506617552.860 552
1506617553.860 553
1506617554.860 554
1506617555.860 555
1506617556.860 556
1506617557.860 557
1506617558.860 558
1506617559.860 559
1506617560.860 560
1506617561.860 561
1506617562.860 562
1506617563.860 563
1506617564.860 564
1506617565.860 565
1506617566.860 566
1506617567.860 567
1506617568.860 568
1506617569.860 569
1506617570.860 570
1506617571.860 571
1506617572.860 572
1506617573.860 573
1506617574.860 574
1506617575.860 575
1506617576.860 576
1506617577.860 577
1506617578.860 578
1506617579.860 579
1506617580.860 580
1506617581.860 581
1506617582.860 582
1506617583.860 583
1506617584.860 584
1506617585.860 585
1506617586.860 586
1506617587.860 587
1506617588.860 588
1506617589.860 589
1506617590.860 590
1506617591.860 591
1506617592.860 592
1506617593.860 593
1506617594.860 594
1506617595.860 595
1506617596.860 596
1506617597.860 597
1506617598.860 598
1506617599.860 599
1506617600.860 600
1506617601.860 601
1506617602.860 602
1506617603.860 603
1506617604.860 604
1506617605.860 605
1506617606.860 606
1506617607.860 607
1506617608.860 608
1506617609.860 609
1506617610.860 610
1506617611.860 611
1506617612.860 612
1506617613.860 613
1506617614.860 614
1506617615.860 615
1506617616.860 616
1506617617.860 617
1506617618.860 618
1506617619.860 619
1506617620.860 620
1506617621.860 621
1506617622.860 622
1506617623.860 623
1506617624.860 624
1506617625.860 625
1506617626.860 626
1506617627.860 627
1506617628.860 628
1506617629.860 629
1506617630.860 630
1506617631.860 631
1506617632.860 632
1506617633.860 633
1506617634.860 634
1506617635.860 635
1506617636.860 636
1506617637.860 637
1506617638.860 638
1506617639.860 639
1506617640.860 640
1506617641.860 641
1506617642.860 642
1506617643.860 643
1506617644.860 644
1506617645.860 645
1506617646.860 646
1506617647.860 647
1506617648.860 648
1506617649.860 649
1506617650.860 650
1506617651.860 651
1506617652.860 652
1506617653.860 653
1506617654.860 654
1506617655.860 655
1506617656.860 656
1506617657.860 657
1506617658.860 658
1506617659.860 659
1506617660.860 660
1506617661.860 661
1506617662.860 662
1506617663.860 663
1506617664.860 664
1506617665.860 665
1506617666.860 666
1506617667.860 667
1506617668.860 668
1506617669.860 669
1506617670.860 670
1506617671.860 671
1506617672.860 672
1506617673.860 673
1506617674.860 674
1506617675.860 675
1506617676.860 676
1506617677.860 677
1506617678.860 678
1506617679.860 679
1506617680.860 680
1506617681.860 681
1506617682.860 682
1506617683.860 683
1506617684.860 684
1506617685.860 685
1506617686.860 686
1506617687.860 687
1506617688.860 688
1506617689.860 689
1506617690.860 690
1506617691.860 691
1506617692.860 692
1506617693.860 693
1506617694.860 694
1506617695.860 695
1506617696.860 696
1506617697.860 697
1506617698.860 698
1506617699.860 699
1506617700.860 700
1506617701.860 701
1506617702.860 702
1506617703.860 703
1506617704.860 704
1506617705.860 705
1506617706.860 706
1506617707.860 707
1506617708.860 708
1506617709.860 709
1506617710.860 710
1506617711.860 711
1506617712.860 712
1506617713.860 713
1506617714.860 714
1506617715.860 715
1506617716.860 716
1506617717.860 717
1506617718.860 718
1506617719.860 719
1506617720.860 720
1506617721.860 721
1506617722.860 722
1506617723.860 723
1506617724.860 724
1506617725.860 725
1506617726.860 726
1506617727.860 727
1506617728.860 728
1506617729.860 729
1506617730.860 730
1506617731.860 731
1506617732.860 732
1506617733.860 733
1506617734.860 734
1506617735.860 735
1506617736.860 736
1506617737.860 737
1506617738.860 738
1506617739.860 739
1506617740.860 740
1506617741.860 741
1506617742.860 742
1506617743.860 743
1506617744.860 744
1506617745.860 745
1506617746.860 746
1506617747.860 747
1506617748.860 748
1506617749.860 749
1506617750.860 750
1506617751.860 751
1506617752.860 752
1506617753.860 753
1506617754.860 754
1506617755.860 755
1506617756.860 756
1506617757.860 757
1506617758.860 758
1506617759.860 759
1506617760.860 760
1506617761.860 761
1506617762.860 762
1506617763.860 763
1506617764.860 764
1506617765.860 765
1506617766.860 766
1506617767.860 767
1506617768.860 768
1506617769.860 769
1506617770.860 770
1506617771.860 771
1506617772.860 772
1506617773.860 773
1506617774.860 774
1506617775.860 775
1506617776.860 776
1506617777.860 777
1506617778.860 778
1506617779.860 779
1506617780.860 780
1506617781.860 781
1506617782.860 782
1506617783.860 783
1506617784.860 784
1506617785.860 785
1506617786.860 786
1506617787.860 787
1506617788.860 788
1506617789.860 789
1506617790.860 790
1506617791.860 791
1506617792.860 792
1506617793.860 793
1506617794.860 794
1506617795.860 795
1506617796.860 796
1506617797.860 797
1506617798.860 798
1506617799.860 799
1506617800.860 800
1506617801.860 801
1506617802.860 802
1506617803.860 803
1506617804.860 804
1506617805.860 805
1506617806.860 806
1506617807.860 807
1506617808.860 808
1506617809.860 809
1506617810.860 810
1506617811.860 811
1506617812.860 812
1506617813.860 813
1506617814.860 814
1506617815.860 815
1506617816.860 816
1506617817.860 817
1506617818.860 818
1506617819.860 819
1506617820.860 820
1506617821.860 821
1506617822.860 822
1506617823.860 823
1506617824.860 824
1506617825.860 825
1506617826.860 826
1506617827.860 827
1506617828.860 828
1506617829.860 829
1506617830.860 830
1506617831.860 831
1506617832.860 832
1506617833.860 833
1506617834.860 834
1506617835.860 835
1506617836.860 836
1506617837.860 837
1506617838.860 838
1506617839.860 839
1506617840.860 840
1506617841.860 841
1506617842.860 842
1506617843.860 843
1506617844.860 844
1506617845.860 845
1506617846.860 846
1506617847.860 847
1506617848.860 848
1506617849.860 849
1506617850.860 850
1506617851.860 851
1506617852.860 852
1506617853.860 853
1506617854.860 854
1506617855.860 855
1506617856.860 856
1506617857.860 857
1506617858.860 858
1506617859.860 859
1506617860.860 860
1506617861.860 861
1506617862.860 862
1506617863.860 863
1506617864.860 864
1506617865.860 865
1506617866.860 866
1506617867.860 867
1506617868.860 868
1506617869.860 869
1506617870.860 870
1506617871.860 871
1506617872.860 872
1506617873.860 873
1506617874.860 874
1506617875.860 875
1506617876.860 876
1506617877.860 877
1506617878.860 878
1506617879.860 879
1506617880.860 880
1506617881.860 881
1506617882.860 882
1506617883.860 883
1506617884.860 884
1506617885.860 885
1506617886.860 886
1506617887.860 887
1506617888.860 888
1506617889.860 889
1506617890.860 890
1506617891.860 891
1506617892.860 892
1506617893.860 893
1506617894.860 894
1506617895.860 895
1506617896.860 896
1506617897.860 897
1506617898.860 898
1506617899.860 899
1506617900.860 900
1506617901.860 901
1506617902.860 902
1506617903.860 903
1506617904.860 904
1506617905.860 905
1506617906.860 906
1506617907.860 907
1506617908.860 908
1506617909.860 909
1506617910.860 910
1506617911.860 911
1506617912.860 912
1506617913.860 913
1506617914.860 914
1506617915.860 915
1506617916.860 916
1506617917.860 917
1506617918.860 918
1506617919.860 919
1506617920.860 920
1506617921.860 921
1506617922.860 922
1506617923.860 923
1506617924.860 924
1506617925.860 925
1506617926.860 926
1506617927.860 927
1506617928.860 928
1506617929.860 929
1506617930.860 930
1506617931.860 931
1506617932.860 932
1506617933.860 933
1506617934.860 934
1506617935.860 935
1506617936.860 936
1506617937.860 937
1506617938.860 938
1506617939.860 939
1506617940.860 940
1506617941.860 941
1506617942.860 942
1506617943.860 943
1506617944.860 944
1506617945.860 945
1506617946.860 946
1506617947.860 947
1506617948.860 948
1506617949.860 949
1506617950.860 950
1506617951.860 951
1506617952.860 952
1506617953.860 953
1506617954.860 954
1506617955.860 955
1506617956.860 956
1506617957.860 957
1506617958.860 958
1506617959.860 959
1506617960.860 960
1506617961.860 961
1506617962.860 962
1506617963.860 963
1506617964.860 964
1506617965.860 965
1506617966.860 966
1506617967.860 967
1506617968.860 968
1506617969.860 969
1506617970.860 970
1506617971.860 971
1506617972.860 972
1506617973.860 973
1506617974.860 974
1506617975.860 975
1506617976.860 976
1506617977.860 977
1506617978.860 978
1506617979.860 979
1506617980.860 980
1506617981.860 981
1506617982.860 982
1506617983.860 983
1506617984.860 984
1506617985.860 985
1506617986.860 986
1506617987.860 987
1506617988.860 988
1506617989.860 989
1506617990.860 990
1506617991.860 991
1506617992.860 992
1506617993.860 993
1506617994.860 994
1506617995.860 995
1506617996.860 996
1506617997.860 997
1506617998.860 998
1506617999.860 999
1506618100.860 100
1506618101.860 101
1506618102.860 102
1506618103.860 103
1506618104.860 104
1506618105.860 105
1506618106.860 106
1506618107.860 107
1506618108.860 108
1506618109.860 109
1506618110.860 110
1506618111.860 111
1506618112.860 112
1506618113.860 113
1506618114.860 114
1506618115.860 115
1506618116.860 116
1506618117.860 117
1506618118.860 118
1506618119.860 119
1506618120.860 120
1506618121.860 121
1506618122.860 122
1506618123.860 123
1506618124.860 124
1506618125.860 125
1506618126.860 126
1506618127.860 127
1506618128.860 128
1506618129.860 129
1506618130.860 130
1506618131.860 131
1506618132.860 132
1506618133.860 133
1506618134.860 134
1506618135.860 135
1506618136.860 136
1506618137.860 137
1506618138.860 138
1506618139.860 139
1506618140.860 140
1506618141.860 141
1506618142.860 142
1506618143.860 143
1506618144.860 144
1506618145.860 145
1506618146.860 146
1506618147.860 147
1506618148.860 148
1506618149.860 149
1506618150.860 150
1506618151.860 151
1506618152.860 152
1506618153.860 153
1506618154.860 154
1506618155.860 155
1506618156.860 156
1506618157.860 157
1506618158.860 158
1506618159.860 159
1506618160.860 160
1506618161.860 161
1506618162.860 162
1506618163.860 163
1506618164.860 164
1506618165.860 165
1506618166.860 166
1506618167.860 167
1506618168.860 168
1506618169.860 169
1506618170.860 170
1506618171.860 171
1506618172.860 172
1506618173.860 173
1506618174.860 174
1506618175.860 175
1506618176.860 176
1506618177.860 177
1506618178.860 178
1506618179.860 179
1506618180.860 180
1506618181.860 181
1506618182.860 182
1506618183.860 183
1506618184.860 184
1506618185.860 185
1506618186.860 186
1506618187.860 187
1506618188.860 188
1506618189.860 189
1506618190.860 190
1506618191.860 191
1506618192.860 192
1506618193.860 193
1506618194.860 194
1506618195.860 195
1506618196.860 196
1506618197.860 197
1506618198.860 198
1506618199.860 199
1506618200.860 200
1506618201.860 201
1506618202.860 202
1506618203.860 203
1506618204.860 204
1506618205.860 205
1506618206.860 206
1506618207.860 207
1506618208.860 208
1506618209.860 209
1506618210.860 210
1506618211.860 211
1506618212.860 212
1506618213.860 213
1506618214.860 214
1506618215.860 215
1506618216.860 216
1506618217.860 217
1506618218.860 218
1506618219.860 219
1506618220.860 220
1506618221.860 221
1506618222.860 222
1506618223.860 223
1506618224.860 224
1506618225.860 225
1506618226.860 226
1506618227.860 227
1506618228.860 228
1506618229.860 229
1506618230.860 230
1506618231.860 231
1506618232.860 232
1506618233.860 233
1506618234.860 234
1506618235.860 235
1506618236.860 236
1506618237.860 237
1506618238.860 238
1506618239.860 239
1506618240.860 240
1506618241.860 241
1506618242.860 242
1506618243.860 243
1506618244.860 244
1506618245.860 245
1506618246.860 246
1506618247.860 247
1506618248.860 248
1506618249.860 249
1506618250.860 250
1506618251.860 251
1506618252.860 252
1506618253.860 253
1506618254.860 254
1506618255.860 255
1506618256.860 256
1506618257.860 257
1506618258.860 258
1506618259.860 259
1506618260.860 260
1506618261.860 261
1506618262.860 262
1506618263.860 263
1506618264.860 264
1506618265.860 265
1506618266.860 266
1506618267.860 267
1506618268.860 268
1506618269.860 269
1506618270.860 270
1506618271.860 271
1506618272.860 272
1506618273.860 273
1506618274.860 274
1506618275.860 275
1506618276.860 276
1506618277.860 277
1506618278.860 278
1506618279.860 279
1506618280.860 280
1506618281.860 281
1506618282.860 282
1506618283.860 283
1506618284.860 284
1506618285.860 285
1506618286.860 286
1506618287.860 287
1506618288.860 288
1506618289.860 289
1506618290.860 290
1506618291.860 291
1506618292.860 292
1506618293.860 293
1506618294.860 294
1506618295.860 295
1506618296.860 296
1506618297.860 297
1506618298.860 298
1506618299.860 299
1506618300.860 300
1506618301.860 301
1506618302.860 302
1506618303.860 303
1506618304.860 304
1506618305.860 305
1506618306.860 306
1506618307.860 307
1506618308.860 308
1506618309.860 309
1506618310.860 310
1506618311.860 311
1506618312.860 312
1506618313.860 313
1506618314.860 314
1506618315.860 315
1506618316.860 316
1506618317.860 317
1506618318.860 318
1506618319.860 319
1506618320.860 320
1506618321.860 321
1506618322.860 322
1506618323.860 323
1506618324.860 324
1506618325.860 325
1506618326.860 326
1506618327.860 327
1506618328.860 328
1506618329.860 329
1506618330.860 330
1506618331.860 331
1506618332.860 332
1506618333.860 333
1506618334.860 334
1506618335.860 335
1506618336.860 336
1506618337.860 337
1506618338.860 338
1506618339.860 339
1506618340.860 340
1506618341.860 341
1506618342.860 342
1506618343.860 343
1506618344.860 344
1506618345.860 345
1506618346.860 346
1506618347.860 347
1506618348.860 348
1506618349.860 349
1506618350.860 350
1506618351.860 351
1506618352.860 352
1506618353.860 353
1506618354.860 354
1506618355.860 355
1506618356.860 356
1506618357.860 357
1506618358.860 358
1506618359.860 359
1506618360.860 360
1506618361.860 361
1506618362.860 362
1506618363.860 363
1506618364.860 364
1506618365.860 365
1506618366.860 366
1506618367.860 367
1506618368.860 368
1506618369.860 369
1506618370.860 370
1506618371.860 371
1506618372.860 372
1506618373.860 373
1506618374.860 374
1506618375.860 375
1506618376.860 376
1506618377.860 377
1506618378.860 378
1506618379.860 379
1506618380.860 380
1506618381.860 381
1506618382.860 382
1506618383.860 383
1506618384.860 384
1506618385.860 385
1506618386.860 386
1506618387.860 387
1506618388.860 388
1506618389.860 389
1506618390.860 390
1506618391.860 391
1506618392.860 392
1506618393.860 393
1506618394.860 394
1506618395.860 395
1506618396.860 396
1506618397.860 397
1506618398.860 398
1506618399.860 399
1506618400.860 400
1506618401.860 401
1506618402.860 402
1506618403.860 403
1506618404.860 404
1506618405.860 405
1506618406.860 406
1506618407.860 407
1506618408.860 408
1506618409.860 409
1506618410.860 410
1506618411.860 411
1506618412.860 412
1506618413.860 413
1506618414.860 414
1506618415.860 415
1506618416.860 416
1506618417.860 417
1506618418.860 418
1506618419.860 419
1506618420.860 420
1506618421.860 421
1506618422.860 422
1506618423.860 423
1506618424.860 424
1506618425.860 425
1506618426.860 426
1506618427.860 427
1506618428.860 428
1506618429.860 429
1506618430.860 430
1506618431.860 431
1506618432.860 432
1506618433.860 433
1506618434.860 434
1506618435.860 435
1506618436.860 436
1506618437.860 437
1506618438.860 438
1506618439.860 439
1506618440.860 440
1506618441.860 441
1506618442.860 442
1506618443.860 443
1506618444.860 444
1506618445.860 445
1506618446.860 446
1506618447.860 447
1506618448.860 448
1506618449.860 449
1506618450.860 450
1506618451.860 451
1506618452.860 452
1506618453.860 453
1506618454.860 454
1506618455.860 455
1506618456.860 456
1506618457.860 457
1506618458.860 458
1506618459.860 459
1506618460.860 460
1506618461.860 461
1506618462.860 462
1506618463.860 463
1506618464.860 464
1506618465.860 465
1506618466.860 466
1506618467.860 467
1506618468.860 468
1506618469.860 469
1506618470.860 470
1506618471.860 471
1506618472.860 472
1506618473.860 473
1506618474.860 474
1506618475.860 475
1506618476.860 476
1506618477.860 477
1506618478.860 478
1506618479.860 479
1506618480.860 480
1506618481.860 481
1506618482.860 482
1506618483.860 483
1506618484.860 484
1506618485.860 485
1506618486.860 486
1506618487.860 487
1506618488.860 488
1506618489.860 489
1506618490.860 490
1506618491.860 491
1506618492.860 492
1506618493.860 493
1506618494.860 494
1506618495.860 495
1506618496.860 496
1506618497.860 497
1506618498.860 498
1506618499.860 499
1506618500.860 500
1506618501.860 501
1506618502.860 502
1506618503.860 503
1506618504.860 504
1506618505.860 505
1506618506.860 506
1506618507.860 507
1506618508.860 508
1506618509.860 509
1506618510.860 510
1506618511.860 511
1506618512.860 512
1506618513.860 513
1506618514.860 514
1506618515.860 515
1506618516.860 516
1506618517.860 517
1506618518.860 518
1506618519.860 519
1506618520.860 520
1506618521.860 521
1506618522.860 522
1506618523.860 523
1506618524.860 524
1506618525.860 525
1506618526.860 526
1506618527.860 527
1506618528.860 528
1506618529.860 529
1506618530.860 530
1506618531.860 531
1506618532.860 532
1506618533.860 533
1506618534.860 534
1506618535.860 535
1506618536.860 536
1506618537.860 537
1506618538.860 538
1506618539.860 539
1506618540.860 540
1506618541.860 541
1506618542.860 542
1506618543.860 543
1506618544.860 544
1506618545.860 545
1506618546.860 546
1506618547.860 547
1506618548.860 548
1506618549.860 549
1506618550.860 550
1506618551.860 551
1506618552.860 552
1506618553.860 553
1506618554.860 554
1506618555.860 555
1506618556.860 556
1506618557.860 557
1506618558.860 558
1506618559.860 559
1506618560.860 560
1506618561.860 561
1506618562.860 562
1506618563.860 563
1506618564.860 564
1506618565.860 565
1506618566.860 566
1506618567.860 567
1506618568.860 568
1506618569.860 569
1506618570.860 570
1506618571.860 571
1506618572.860 572
1506618573.860 573
1506618574.860 574
1506618575.860 575
1506618576.860 576
1506618577.860 577
1506618578.860 578
1506618579.860 579
1506618580.860 580
1506618581.860 581
1506618582.860 582
1506618583.860 583
1506618584.860 584
1506618585.860 585
1506618586.860 586
1506618587.860 587
1506618588.860 588
1506618589.860 589
1506618590.860 590
1506618591.860 591
1506618592.860 592
1506618593.860 593
1506618594.860 594
1506618595.860 595
1506618596.860 596
1506618597.860 597
1506618598.860 598
1506618599.860 599
1506618600.860 600
1506618601.860 601
1506618602.860 602
1506618603.860 603
1506618604.860 604
1506618605.860 605
1506618606.860 606
1506618607.860 607
1506618608.860 608
1506618609.860 609
1506618610.860 610
1506618611.860 611
1506618612.860 612
1506618613.860 613
1506618614.860 614
1506618615.860 615
1506618616.860 616
1506618617.860 617
1506618618.860 618
1506618619.860 619
1506618620.860 620
1506618621.860 621
1506618622.860 622
1506618623.860 623
1506618624.860 624
1506618625.860 625
1506618626.860 626
1506618627.860 627
1506618628.860 628
1506618629.860 629
1506618630.860 630
1506618631.860 631
1506618632.860 632
1506618633.860 633
1506618634.860 634
1506618635.860 635
1506618636.860 636
1506618637.860 637
1506618638.860 638
1506618639.860 639
1506618640.860 640
1506618641.860 641
1506618642.860 642
1506618643.860 643
1506618644.860 644
1506618645.860 645
1506618646.860 646
1506618647.860 647
1506618648.860 648
1506618649.860 649
1506618650.860 650
1506618651.860 651
1506618652.860 652
1506618653.860 653
1506618654.860 654
1506618655.860 655
1506618656.860 656
1506618657.860 657
1506618658.860 658
1506618659.860 659
1506618660.860 660
1506618661.860 661
1506618662.860 662
1506618663.860 663
1506618664.860 664
1506618665.860 665
1506618666.860 666
1506618667.860 667
1506618668.860 668
1506618669.860 669
1506618670.860 670
1506618671.860 671
1506618672.860 672
1506618673.860 673
1506618674.860 674
1506618675.860 675
1506618676.860 676
1506618677.860 677
1506618678.860 678
1506618679.860 679
1506618680.860 680
1506618681.860 681
1506618682.860 682
1506618683.860 683
1506618684.860 684
1506618685.860 685
1506618686.860 686
1506618687.860 687
1506618688.860 688
1506618689.860 689
1506618690.860 690
1506618691.860 691
1506618692.860 692
1506618693.860 693
1506618694.860 694
1506618695.860 695
1506618696.860 696
1506618697.860 697
1506618698.860 698
1506618699.860 699
1506618700.860 700
1506618701.860 701
1506618702.860 702
1506618703.860 703
1506618704.860 704
1506618705.860 705
1506618706.860 706
1506618707.860 707
1506618708.860 708
1506618709.860 709
1506618710.860 710
1506618711.860 711
1506618712.860 712
1506618713.860 713
1506618714.860 714
1506618715.860 715
1506618716.860 716
1506618717.860 717
1506618718.860 718
1506618719.860 719
1506618720.860 720
1506618721.860 721
1506618722.860 722
1506618723.860 723
1506618724.860 724
1506618725.860 725
1506618726.860 726
1506618727.860 727
1506618728.860 728
1506618729.860 729
1506618730.860 730
1506618731.860 731
1506618732.860 732
1506618733.860 733
1506618734.860 734
1506618735.860 735
1506618736.860 736
1506618737.860 737
1506618738.860 738
1506618739.860 739
1506618740.860 740
1506618741.860 741
1506618742.860 742
1506618743.860 743
1506618744.860 744
1506618745.860 745
1506618746.860 746
1506618747.860 747
1506618748.860 748
1506618749.860 749
1506618750.860 750
1506618751.860 751
1506618752.860 752
1506618753.860 753
1506618754.860 754
1506618755.860 755
1506618756.860 756
1506618757.860 757
1506618758.860 758
1506618759.860 759
1506618760.860 760
1506618761.860 761
1506618762.860 762
1506618763.860 763
1506618764.860 764
1506618765.860 765
1506618766.860 766
1506618767.860 767
1506618768.860 768
1506618769.860 769
1506618770.860 770
1506618771.860 771
1506618772.860 772
1506618773.860 773
1506618774.860 774
1506618775.860 775
1506618776.860 776
1506618777.860 777
1506618778.860 778
1506618779.860 779
1506618780.860 780
1506618781.860 781
1506618782.860 782
1506618783.860 783
1506618784.860 784
1506618785.860 785
1506618786.860 786
1506618787.860 787
1506618788.860 788
1506618789.860 789
1506618790.860 790
1506618791.860 791
1506618792.860 792
1506618793.860 793
1506618794.860 794
1506618795.860 795
1506618796.860 796
1506618797.860 797
1506618798.860 798
1506618799.860 799
1506618800.860 800
1506618801.860 801
1506618802.860 802
1506618803.860 803
1506618804.860 804
1506618805.860 805
1506618806.860 806
1506618807.860 807
1506618808.860 808
1506618809.860 809
1506618810.860 810
1506618811.860 811
1506618812.860 812
1506618813.860 813
1506618814.860 814
1506618815.860 815
1506618816.860 816
1506618817.860 817
1506618818.860 818
1506618819.860 819
1506618820.860 820
1506618821.860 821
1506618822.860 822
1506618823.860 823
1506618824.860 824
1506618825.860 825
1506618826.860 826
1506618827.860 827
1506618828.860 828
1506618829.860 829
1506618830.860 830
1506618831.860 831
1506618832.860 832
1506618833.860 833
1506618834.860 834
1506618835.860 835
1506618836.860 836
1506618837.860 837
1506618838.860 838
1506618839.860 839
1506618840.860 840
1506618841.860 841
1506618842.860 842
1506618843.860 843
1506618844.860 844
1506618845.860 845
1506618846.860 846
1506618847.860 847
1506618848.860 848
1506618849.860 849
1506618850.860 850
1506618851.860 851
1506618852.860 852
1506618853.860 853
1506618854.860 854
1506618855.860 855
1506618856.860 856
1506618857.860 857
1506618858.860 858
1506618859.860 859
1506618860.860 860
1506618861.860 861
1506618862.860 862
1506618863.860 863
1506618864.860 864
1506618865.860 865
1506618866.860 866
1506618867.860 867
1506618868.860 868
1506618869.860 869
1506618870.860 870
1506618871.860 871
1506618872.860 872
1506618873.860 873
1506618874.860 874
1506618875.860 875
1506618876.860 876
1506618877.860 877
1506618878.860 878
1506618879.860 879
1506618880.860 880
1506618881.860 881
1506618882.860 882
1506618883.860 883
1506618884.860 884
1506618885.860 885
1506618886.860 886
1506618887.860 887
1506618888.860 888
1506618889.860 889
1506618890.860 890
1506618891.860 891
1506618892.860 892
1506618893.860 893
1506618894.860 894
1506618895.860 895
1506618896.860 896
1506618897.860 897
1506618898.860 898
1506618899.860 899
1506618900.860 900
1506618901.860 901
1506618902.860 902
1506618903.860 903
1506618904.860 904
1506618905.860 905
1506618906.860 906
1506618907.860 907
1506618908.860 908
1506618909.860 909
1506618910.860 910
1506618911.860 911
1506618912.860 912
1506618913.860 913
1506618914.860 914
1506618915.860 915
1506618916.860 916
1506618917.860 917
1506618918.860 918
1506618919.860 919
1506618920.860 920
1506618921.860 921
1506618922.860 922
1506618923.860 923
1506618924.860 924
1506618925.860 925
1506618926.860 926
1506618927.860 927
1506618928.860 928
1506618929.860 929
1506618930.860 930
1506618931.860 931
1506618932.860 932
1506618933.860 933
1506618934.860 934
1506618935.860 935
1506618936.860 936
1506618937.860 937
1506618938.860 938
1506618939.860 939
1506618940.860 940
1506618941.860 941
1506618942.860 942
1506618943.860 943
1506618944.860 944
1506618945.860 945
1506618946.860 946
1506618947.860 947
1506618948.860 948
1506618949.860 949
1506618950.860 950
1506618951.860 951
1506618952.860 952
1506618953.860 953
1506618954.860 954
1506618955.860 955
1506618956.860 956
1506618957.860 957
1506618958.860 958
1506618959.860 959
1506618960.860 960
1506618961.860 961
1506618962.860 962
1506618963.860 963
1506618964.860 964
1506618965.860 965
1506618966.860 966
1506618967.860 967
1506618968.860 968
1506618969.860 969
1506618970.860 970
1506618971.860 971
1506618972.860 972
1506618973.860 973
1506618974.860 974
1506618975.860 975
1506618976.860 976
1506618977.860 977
1506618978.860 978
1506618979.860 979
1506618980.860 980
1506618981.860 981
1506618982.860 982
1506618983.860 983
1506618984.860 984
1506618985.860 985
1506618986.860 986
1506618987.860 987
1506618988.860 988
1506618989.860 989
1506618990.860 990
1506618991.860 991
1506618992.860 992
1506618993.860 993
1506618994.860 994
1506618995.860 995
1506618996.860 996
1506618997.860 997
1506618998.860 998
1506618999.860 999
1506619100.860 100
1506619101.860 101
1506619102.860 102
1506619103.860 103
1506619104.860 104
1506619105.860 105
1506619106.860 106
1506619107.860 107
1506619108.860 108
1506619109.860 109
1506619110.860 110
1506619111.860 111
1506619112.860 112
1506619113.860 113
1506619114.860 114
1506619115.860 115
1506619116.860 116
1506619117.860 117
1506619118.860 118
1506619119.860 119
1506619120.860 120
1506619121.860 121
1506619122.860 122
1506619123.860 123
1506619124.860 124
1506619125.860 125
1506619126.860 126
1506619127.860 127
1506619128.860 128
1506619129.860 129
1506619130.860 130
1506619131.860 131
1506619132.860 132
1506619133.860 133
1506619134.860 134
1506619135.860 135
1506619136.860 136
1506619137.860 137
1506619138.860 138
1506619139.860 139
1506619140.860 140
1506619141.860 141
1506619142.860 142
1506619143.860 143
1506619144.860 144
1506619145.860 145
1506619146.860 146
1506619147.860 147
1506619148.860 148
1506619149.860 149
1506619150.860 150
1506619151.860 151
1506619152.860 152
1506619153.860 153
1506619154.860 154
1506619155.860 155
1506619156.860 156
1506619157.860 157
1506619158.860 158
1506619159.860 159
1506619160.860 160
1506619161.860 161
1506619162.860 162
1506619163.860 163
1506619164.860 164
1506619165.860 165
1506619166.860 166
1506619167.860 167
1506619168.860 168
1506619169.860 169
1506619170.860 170
1506619171.860 171
1506619172.860 172
1506619173.860 173
1506619174.860 174
1506619175.860 175
1506619176.860 176
1506619177.860 177
1506619178.860 178
1506619179.860 179
1506619180.860 180
1506619181.860 181
1506619182.860 182
1506619183.860 183
1506619184.860 184
1506619185.860 185
1506619186.860 186
1506619187.860 187
1506619188.860 188
1506619189.860 189
1506619190.860 190
1506619191.860 191
1506619192.860 192
1506619193.860 193
1506619194.860 194
1506619195.860 195
1506619196.860 196
1506619197.860 197
1506619198.860 198
1506619199.860 199
1506619200.860 200
1506619201.860 201
1506619202.860 202
1506619203.860 203
1506619204.860 204
1506619205.860 205
1506619206.860 206
1506619207.860 207
1506619208.860 208
1506619209.860 209
1506619210.860 210
1506619211.860 211
1506619212.860 212
1506619213.860 213
1506619214.860 214
1506619215.860 215
1506619216.860 216
1506619217.860 217
1506619218.860 218
1506619219.860 219
1506619220.860 220
1506619221.860 221
1506619222.860 222
1506619223.860 223
1506619224.860 224
1506619225.860 225
1506619226.860 226
1506619227.860 227
1506619228.860 228
1506619229.860 229
1506619230.860 230
1506619231.860 231
1506619232.860 232
1506619233.860 233
1506619234.860 234
1506619235.860 235
1506619236.860 236
1506619237.860 237
1506619238.860 238
1506619239.860 239
1506619240.860 240
1506619241.860 241
1506619242.860 242
1506619243.860 243
1506619244.860 244
1506619245.860 245
1506619246.860 246
1506619247.860 247
1506619248.860 248
1506619249.860 249
1506619250.860 250
1506619251.860 251
1506619252.860 252
1506619253.860 253
1506619254.860 254
1506619255.860 255
1506619256.860 256
1506619257.860 257
1506619258.860 258
1506619259.860 259
1506619260.860 260
1506619261.860 261
1506619262.860 262
1506619263.860 263
1506619264.860 264
1506619265.860 265
1506619266.860 266
1506619267.860 267
1506619268.860 268
1506619269.860 269
1506619270.860 270
1506619271.860 271
1506619272.860 272
1506619273.860 273
1506619274.860 274
1506619275.860 275
1506619276.860 276
1506619277.860 277
1506619278.860 278
1506619279.860 279
1506619280.860 280
1506619281.860 281
1506619282.860 282
1506619283.860 283
1506619284.860 284
1506619285.860 285
1506619286.860 286
1506619287.860 287
1506619288.860 288
1506619289.860 289
1506619290.860 290
1506619291.860 291
1506619292.860 292
1506619293.860 293
1506619294.860 294
1506619295.860 295
1506619296.860 296
1506619297.860 297
1506619298.860 298
1506619299.860 299
1506619300.860 300
1506619301.860 301
1506619302.860 302
1506619303.860 303
1506619304.860 304
1506619305.860 305
1506619306.860 306
1506619307.860 307
1506619308.860 308
1506619309.860 309
1506619310.860 310
1506619311.860 311
1506619312.860 312
1506619313.860 313
1506619314.860 314
1506619315.860 315
1506619316.860 316
1506619317.860 317
1506619318.860 318
1506619319.860 319
1506619320.860 320
1506619321.860 321
1506619322.860 322
1506619323.860 323
1506619324.860 324
1506619325.860 325
1506619326.860 326
1506619327.860 327
1506619328.860 328
1506619329.860 329
1506619330.860 330
1506619331.860 331
1506619332.860 332
1506619333.860 333
1506619334.860 334
1506619335.860 335
1506619336.860 336
1506619337.860 337
1506619338.860 338
1506619339.860 339
1506619340.860 340
1506619341.860 341
1506619342.860 342
1506619343.860 343
1506619344.860 344
1506619345.860 345
1506619346.860 346
1506619347.860 347
1506619348.860 348
1506619349.860 349
1506619350.860 350
1506619351.860 351
1506619352.860 352
1506619353.860 353
1506619354.860 354
1506619355.860 355
1506619356.860 356
1506619357.860 357
1506619358.860 358
1506619359.860 359
1506619360.860 360
1506619361.860 361
1506619362.860 362
1506619363.860 363
1506619364.860 364
1506619365.860 365
1506619366.860 366
1506619367.860 367
1506619368.860 368
1506619369.860 369
1506619370.860 370
1506619371.860 371
1506619372.860 372
1506619373.860 373
1506619374.860 374
1506619375.860 375
1506619376.860 376
1506619377.860 377
1506619378.860 378
1506619379.860 379
1506619380.860 380
1506619381.860 381
1506619382.860 382
1506619383.860 383
1506619384.860 384
1506619385.860 385
1506619386.860 386
1506619387.860 387
1506619388.860 388
1506619389.860 389
1506619390.860 390
1506619391.860 391
1506619392.860 392
1506619393.860 393
1506619394.860 394
1506619395.860 395
1506619396.860 396
1506619397.860 397
1506619398.860 398
1506619399.860 399
1506619400.860 400
1506619401.860 401
1506619402.860 402
1506619403.860 403
1506619404.860 404
1506619405.860 405
1506619406.860 406
1506619407.860 407
1506619408.860 408
1506619409.860 409
1506619410.860 410
1506619411.860 411
1506619412.860 412
1506619413.860 413
1506619414.860 414
1506619415.860 415
1506619416.860 416
1506619417.860 417
1506619418.860 418
1506619419.860 419
1506619420.860 420
1506619421.860 421
1506619422.860 422
1506619423.860 423
1506619424.860 424
1506619425.860 425
1506619426.860 426
1506619427.860 427
1506619428.860 428
1506619429.860 429
1506619430.860 430
1506619431.860 431
1506619432.860 432
1506619433.860 433
1506619434.860 434
1506619435.860 435
1506619436.860 436
1506619437.860 437
1506619438.860 438
1506619439.860 439
1506619440.860 440
1506619441.860 441
1506619442.860 442
1506619443.860 443
1506619444.860 444
1506619445.860 445
1506619446.860 446
1506619447.860 447
1506619448.860 448
1506619449.860 449
1506619450.860 450
1506619451.860 451
1506619452.860 452
1506619453.860 453
1506619454.860 454
1506619455.860 455
1506619456.860 456
1506619457.860 457
1506619458.860 458
1506619459.860 459
1506619460.860 460
1506619461.860 461
1506619462.860 462
1506619463.860 463
1506619464.860 464
1506619465.860 465
1506619466.860 466
1506619467.860 467
1506619468.860 468
1506619469.860 469
1506619470.860 470
1506619471.860 471
1506619472.860 472
1506619473.860 473
1506619474.860 474
1506619475.860 475
1506619476.860 476
1506619477.860 477
1506619478.860 478
1506619479.860 479
1506619480.860 480
1506619481.860 481
1506619482.860 482
1506619483.860 483
1506619484.860 484
1506619485.860 485
1506619486.860 486
1506619487.860 487
1506619488.860 488
1506619489.860 489
1506619490.860 490
1506619491.860 491
1506619492.860 492
1506619493.860 493
1506619494.860 494
1506619495.860 495
1506619496.860 496
1506619497.860 497
1506619498.860 498
1506619499.860 499
1506619500.860 500
1506619501.860 501
1506619502.860 502
1506619503.860 503
1506619504.860 504
1506619505.860 505
1506619506.860 506
1506619507.860 507
1506619508.860 508
1506619509.860 509
1506619510.860 510
1506619511.860 511
1506619512.860 512
1506619513.860 513
1506619514.860 514
1506619515.860 515
1506619516.860 516
1506619517.860 517
1506619518.860 518
1506619519.860 519
1506619520.860 520
1506619521.860 521
1506619522.860 522
1506619523.860 523
1506619524.860 524
1506619525.860 525
1506619526.860 526
1506619527.860 527
1506619528.860 528
1506619529.860 529
1506619530.860 530
1506619531.860 531
1506619532.860 532
1506619533.860 533
1506619534.860 534
1506619535.860 535
1506619536.860 536
1506619537.860 537
1506619538.860 538
1506619539.860 539
1506619540.860 540
1506619541.860 541
1506619542.860 542
1506619543.860 543
1506619544.860 544
1506619545.860 545
1506619546.860 546
1506619547.860 547
1506619548.860 548
1506619549.860 549
1506619550.860 550
1506619551.860 551
1506619552.860 552
1506619553.860 553
1506619554.860 554
1506619555.860 555
1506619556.860 556
1506619557.860 557
1506619558.860 558
1506619559.860 559
1506619560.860 560
1506619561.860 561
1506619562.860 562
1506619563.860 563
1506619564.860 564
1506619565.860 565
1506619566.860 566
1506619567.860 567
1506619568.860 568
1506619569.860 569
1506619570.860 570
1506619571.860 571
1506619572.860 572
1506619573.860 573
1506619574.860 574
1506619575.860 575
1506619576.860 576
1506619577.860 577
1506619578.860 578
1506619579.860 579
1506619580.860 580
1506619581.860 581
1506619582.860 582
1506619583.860 583
1506619584.860 584
1506619585.860 585
1506619586.860 586
1506619587.860 587
1506619588.860 588
1506619589.860 589
1506619590.860 590
1506619591.860 591
1506619592.860 592
1506619593.860 593
1506619594.860 594
1506619595.860 595
1506619596.860 596
1506619597.860 597
1506619598.860 598
1506619599.860 599
1506619600.860 600
1506619601.860 601
1506619602.860 602
1506619603.860 603
1506619604.860 604
1506619605.860 605
1506619606.860 606
1506619607.860 607
1506619608.860 608
1506619609.860 609
1506619610.860 610
1506619611.860 611
1506619612.860 612
1506619613.860 613
1506619614.860 614
1506619615.860 615
1506619616.860 616
1506619617.860 617
1506619618.860 618
1506619619.860 619
1506619620.860 620
1506619621.860 621
1506619622.860 622
1506619623.860 623
1506619624.860 624
1506619625.860 625
1506619626.860 626
1506619627.860 627
1506619628.860 628
1506619629.860 629
1506619630.860 630
1506619631.860 631
1506619632.860 632
1506619633.860 633
1506619634.860 634
1506619635.860 635
1506619636.860 636
1506619637.860 637
1506619638.860 638
1506619639.860 639
1506619640.860 640
1506619641.860 641
1506619642.860 642
1506619643.860 643
1506619644.860 644
1506619645.860 645
1506619646.860 646
1506619647.860 647
1506619648.860 648
1506619649.860 649
1506619650.860 650
1506619651.860 651
1506619652.860 652
1506619653.860 653
1506619654.860 654
1506619655.860 655
1506619656.860 656
1506619657.860 657
1506619658.860 658
1506619659.860 659
1506619660.860 660
1506619661.860 661
1506619662.860 662
1506619663.860 663
1506619664.860 664
1506619665.860 665
1506619666.860 666
1506619667.860 667
1506619668.860 668
1506619669.860 669
1506619670.860 670
1506619671.860 671
1506619672.860 672
1506619673.860 673
1506619674.860 674
1506619675.860 675
1506619676.860 676
1506619677.860 677
1506619678.860 678
1506619679.860 679
1506619680.860 680
1506619681.860 681
1506619682.860 682
1506619683.860 683
1506619684.860 684
1506619685.860 685
1506619686.860 686
1506619687.860 687
1506619688.860 688
1506619689.860 689
1506619690.860 690
1506619691.860 691
1506619692.860 692
1506619693.860 693
1506619694.860 694
1506619695.860 695
1506619696.860 696
1506619697.860 697
1506619698.860 698
1506619699.860 699
1506619700.860 700
1506619701.860 701
1506619702.860 702
1506619703.860 703
1506619704.860 704
1506619705.860 705
1506619706.860 706
1506619707.860 707
1506619708.860 708
1506619709.860 709
1506619710.860 710
1506619711.860 711
1506619712.860 712
1506619713.860 713
1506619714.860 714
1506619715.860 715
1506619716.860 716
1506619717.860 717
1506619718.860 718
1506619719.860 719
1506619720.860 720
1506619721.860 721
1506619722.860 722
1506619723.860 723
1506619724.860 724
1506619725.860 725
1506619726.860 726
1506619727.860 727
1506619728.860 728
1506619729.860 729
1506619730.860 730
1506619731.860 731
1506619732.860 732
1506619733.860 733
1506619734.860 734
1506619735.860 735
1506619736.860 736
1506619737.860 737
1506619738.860 738
1506619739.860 739
1506619740.860 740
1506619741.860 741
1506619742.860 742
1506619743.860 743
1506619744.860 744
1506619745.860 745
1506619746.860 746
1506619747.860 747
1506619748.860 748
1506619749.860 749
1506619750.860 750
1506619751.860 751
1506619752.860 752
1506619753.860 753
1506619754.860 754
1506619755.860 755
1506619756.860 756
1506619757.860 757
1506619758.860 758
1506619759.860 759
1506619760.860 760
1506619761.860 761
1506619762.860 762
1506619763.860 763
1506619764.860 764
1506619765.860 765
1506619766.860 766
1506619767.860 767
1506619768.860 768
1506619769.860 769
1506619770.860 770
1506619771.860 771
1506619772.860 772
1506619773.860 773
1506619774.860 774
1506619775.860 775
1506619776.860 776
1506619777.860 777
1506619778.860 778
1506619779.860 779
1506619780.860 780
1506619781.860 781
1506619782.860 782
1506619783.860 783
1506619784.860 784
1506619785.860 785
1506619786.860 786
1506619787.860 787
1506619788.860 788
1506619789.860 789
1506619790.860 790
1506619791.860 791
1506619792.860 792
1506619793.860 793
1506619794.860 794
1506619795.860 795
1506619796.860 796
1506619797.860 797
1506619798.860 798
1506619799.860 799
1506619800.860 800
1506619801.860 801
1506619802.860 802
1506619803.860 803
1506619804.860 804
1506619805.860 805
1506619806.860 806
1506619807.860 807
1506619808.860 808
1506619809.860 809
1506619810.860 810
1506619811.860 811
1506619812.860 812
1506619813.860 813
1506619814.860 814
1506619815.860 815
1506619816.860 816
1506619817.860 817
1506619818.860 818
1506619819.860 819
1506619820.860 820
1506619821.860 821
1506619822.860 822
1506619823.860 823
1506619824.860 824
1506619825.860 825
1506619826.860 826
1506619827.860 827
1506619828.860 828
1506619829.860 829
1506619830.860 830
1506619831.860 831
1506619832.860 832
1506619833.860 833
1506619834.860 834
1506619835.860 835
1506619836.860 836
1506619837.860 837
1506619838.860 838
1506619839.860 839
1506619840.860 840
1506619841.860 841
1506619842.860 842
1506619843.860 843
1506619844.860 844
1506619845.860 845
1506619846.860 846
1506619847.860 847
1506619848.860 848
1506619849.860 849
1506619850.860 850
1506619851.860 851
1506619852.860 852
1506619853.860 853
1506619854.860 854
1506619855.860 855
1506619856.860 856
1506619857.860 857
1506619858.860 858
1506619859.860 859
1506619860.860 860
1506619861.860 861
1506619862.860 862
1506619863.860 863
1506619864.860 864
1506619865.860 865
1506619866.860 866
1506619867.860 867
1506619868.860 868
1506619869.860 869
1506619870.860 870
1506619871.860 871
1506619872.860 872
1506619873.860 873
1506619874.860 874
1506619875.860 875
1506619876.860 876
1506619877.860 877
1506619878.860 878
1506619879.860 879
1506619880.860 880
1506619881.860 881
1506619882.860 882
1506619883.860 883
1506619884.860 884
1506619885.860 885
1506619886.860 886
1506619887.860 887
1506619888.860 888
1506619889.860 889
1506619890.860 890
1506619891.860 891
1506619892.860 892
1506619893.860 893
1506619894.860 894
1506619895.860 895
1506619896.860 896
1506619897.860 897
1506619898.860 898
1506619899.860 899
1506619900.860 900
1506619901.860 901
1506619902.860 902
1506619903.860 903
1506619904.860 904
1506619905.860 905
1506619906.860 906
1506619907.860 907
1506619908.860 908
1506619909.860 909
1506619910.860 910
1506619911.860 911
1506619912.860 912
1506619913.860 913
1506619914.860 914
1506619915.860 915
1506619916.860 916
1506619917.860 917
1506619918.860 918
1506619919.860 919
1506619920.860 920
1506619921.860 921
1506619922.860 922
1506619923.860 923
1506619924.860 924
1506619925.860 925
1506619926.860 926
1506619927.860 927
1506619928.860 928
1506619929.860 929
1506619930.860 930
1506619931.860 931
1506619932.860 932
1506619933.860 933
1506619934.860 934
1506619935.860 935
1506619936.860 936
1506619937.860 937
1506619938.860 938
1506619939.860 939
1506619940.860 940
1506619941.860 941
1506619942.860 942
1506619943.860 943
1506619944.860 944
1506619945.860 945
1506619946.860 946
1506619947.860 947
1506619948.860 948
1506619949.860 949
1506619950.860 950
1506619951.860 951
1506619952.860 952
1506619953.860 953
1506619954.860 954
1506619955.860 955
1506619956.860 956
1506619957.860 957
1506619958.860 958
1506619959.860 959
1506619960.860 960
1506619961.860 961
1506619962.860 962
1506619963.860 963
1506619964.860 964
1506619965.860 965
1506619966.860 966
1506619967.860 967
1506619968.860 968
1506619969.860 969
1506619970.860 970
1506619971.860 971
1506619972.860 972
1506619973.860 973
1506619974.860 974
1506619975.860 975
1506619976.860 976
1506619977.860 977
1506619978.860 978
1506619979.860 979
1506619980.860 980
1506619981.860 981
1506619982.860 982
1506619983.860 983
1506619984.860 984
1506619985.860 985
1506619986.860 986
1506619987.860 987
1506619988.860 988
1506619989.860 989
1506619990.860 990
1506619991.860 991
1506619992.860 992
1506619993.860 993
1506619994.860 994
1506619995.860 995
1506619996.860 996
1506619997.860 997
1506619998.860 998
1506619999.860 999
