1506616021.002 2
1506616021.002 20
1506616021.025 3
1506616021.026 1
1506616021.555 12
1506616021.666 3
1506616021.999 40
1506616022.002 20
1506616022.003 4
1506616222.010 2
1506616222.011 10
1506616222.044 124
1506616222.045 22
1506616222.046 124
1506616222.299 266
1506616023.025 3
1506616024.026 1
1506616025.555 12
1506616026.666 3
1506616027.999 40
1506616028.001 2
1506616029.008 15
1506616030.011 20
1506616031.898 10
1506616232.003 4
1506616233.010 2
1506616234.011 10
1506616235.044 124
1506616236.045 22
1506616237.046 124
1506616238.299 266
1506616239.299 26
1506616240.300 26
1506616241.853 113
1506616242.854 114
1506616243.860 123
1506616244.862 124
1506616245.860 125
1506616246.862 126
1506616247.860 127
1506616248.862 128
1506616249.860 123
1506616250.862 124
1506616251.860 251
1506616252.860 252
